Lyle-Crakehall:rgb:0,470588,0,627451,0,000000
Scolera:rgb:1,000000,0,254902,0,729412
Jon-Snow:rgb:0,000000,0,717647,0,964706
Meris:rgb:1,000000,0,321569,0,000000
Jon-Fossoway:rgb:1,000000,0,254902,0,729412
Lucifer-Long:rgb:1,000000,0,321569,0,000000
Merrit:rgb:0,474510,0,403922,0,623529
Cayn:rgb:1,000000,0,254902,0,729412
Raynard:rgb:1,000000,0,254902,0,729412
Grunt:rgb:0,000000,0,690196,0,211765
Penny:rgb:1,000000,0,254902,0,729412
Symon-Stripeback:rgb:1,000000,0,321569,0,000000
Jacks:rgb:1,000000,0,254902,0,729412
Mag-Mar-Tun-Doh-Weg:rgb:0,000000,0,717647,0,964706
Pylos:rgb:0,650980,0,380392,0,137255
Jon-Arryn:rgb:1,000000,0,254902,0,729412
Rickon-Stark:rgb:0,000000,0,690196,0,211765
Old-Bill-Bone:rgb:1,000000,0,321569,0,000000
Megga-Tyrell:rgb:1,000000,0,254902,0,729412
Gilwood-Hunter:rgb:1,000000,0,254902,0,729412
Robert-Baratheon:rgb:1,000000,0,254902,0,729412
Asha-Greyjoy:rgb:0,000000,0,690196,0,211765
Arron:rgb:0,000000,0,717647,0,964706
Walder-Rivers:rgb:0,470588,0,627451,0,000000
Ravella-Swann:rgb:0,474510,0,403922,0,623529
Jhiqui:rgb:1,000000,0,321569,0,000000
Stygg:rgb:0,000000,0,690196,0,211765
Lollys-Stokeworth:rgb:1,000000,0,254902,0,729412
Gendel:rgb:0,000000,0,717647,0,964706
Amory-Lorch:rgb:0,474510,0,403922,0,623529
Areo-Hotah:rgb:0,713726,0,474510,1,000000
Ghael:rgb:1,000000,0,321569,0,000000
Mully:rgb:0,000000,0,717647,0,964706
Patrek-of-Kings-Mountain:rgb:0,650980,0,380392,0,137255
Miklaz:rgb:1,000000,0,321569,0,000000
Rhaegel-Targaryen:rgb:1,000000,0,321569,0,000000
Lommy-Greenhands:rgb:0,474510,0,403922,0,623529
Holly:rgb:0,000000,0,690196,0,211765
Hoster-Blackwood:rgb:0,470588,0,627451,0,000000
Gariss:rgb:0,000000,0,690196,0,211765
Widower:rgb:1,000000,0,321569,0,000000
Tristifer-IV-Mudd:rgb:0,000000,0,690196,0,211765
Elder-Brother:rgb:0,470588,0,627451,0,000000
Cotter-Pyke:rgb:0,000000,0,717647,0,964706
Gormon-Tyrell:rgb:1,000000,0,207843,0,368627
Tormund:rgb:0,000000,0,717647,0,964706
Denys-Mallister:rgb:0,000000,0,717647,0,964706
Theomore:rgb:0,650980,0,380392,0,137255
Robar-Royce:rgb:0,000000,0,690196,0,211765
Jorah-Mormont:rgb:1,000000,0,321569,0,000000
Bael-the-Bard:rgb:0,000000,0,717647,0,964706
Brynden-Rivers:rgb:0,000000,0,690196,0,211765
Balon-Swann:rgb:1,000000,0,254902,0,729412
Ben-Plumm:rgb:1,000000,0,321569,0,000000
Hallyne:rgb:1,000000,0,254902,0,729412
Rhaella-Targaryen:rgb:1,000000,0,254902,0,729412
Mad-Huntsman:rgb:0,474510,0,403922,0,623529
Dick-Follard:rgb:0,000000,0,717647,0,964706
Frenken:rgb:1,000000,0,254902,0,729412
Sawane-Botley:rgb:0,000000,0,501961,0,513726
Hugo-Vance:rgb:0,470588,0,627451,0,000000
Qavo-Nogarys:rgb:1,000000,0,254902,0,729412
Lothor-Brune:rgb:1,000000,0,254902,0,729412
Jeyne-Westerling:rgb:0,000000,0,690196,0,211765
Karyl-Vance:rgb:0,000000,0,690196,0,211765
Brynden-Tully:rgb:0,000000,0,690196,0,211765
Daryn-Hornwood:rgb:1,000000,0,254902,0,729412
Benethon-Scales:rgb:0,650980,0,380392,0,137255
Jonos-Bracken:rgb:0,470588,0,627451,0,000000
Alyn:rgb:1,000000,0,254902,0,729412
Gormond-Goodbrother:rgb:0,000000,0,501961,0,513726
Tommen-Baratheon:rgb:1,000000,0,254902,0,729412
Yandry:rgb:1,000000,0,254902,0,729412
Mezzara:rgb:1,000000,0,321569,0,000000
Leo-Tyrell:rgb:1,000000,0,207843,0,368627
High-Septon-(fat_one):rgb:1,000000,0,254902,0,729412
Rast:rgb:0,000000,0,717647,0,964706
Stafford-Lannister:rgb:0,000000,0,690196,0,211765
Halder:rgb:0,000000,0,717647,0,964706
Joy-Hill:rgb:0,470588,0,627451,0,000000
Timeon:rgb:0,470588,0,627451,0,000000
Desmond-Grell:rgb:0,000000,0,690196,0,211765
Small-Paul:rgb:0,000000,0,717647,0,964706
Greenbeard:rgb:0,474510,0,403922,0,623529
Rhaenys-Targaryen-(daughter-of-Rhaegar):rgb:1,000000,0,254902,0,729412
Cletus-Yronwood:rgb:1,000000,0,321569,0,000000
Cohollo:rgb:1,000000,0,321569,0,000000
Leo-Lefford:rgb:1,000000,0,254902,0,729412
Roose-Ryswell:rgb:0,650980,0,380392,0,137255
Ramsay-Snow:rgb:0,000000,0,690196,0,211765
Walder-Frey-(son-of-Jammos):rgb:0,000000,0,690196,0,211765
Myles-Toyne:rgb:1,000000,0,254902,0,729412
Mandon-Moore:rgb:1,000000,0,254902,0,729412
Gregor-Clegane:rgb:0,474510,0,403922,0,623529
Clydas:rgb:0,000000,0,717647,0,964706
Sour-Alyn:rgb:0,000000,0,690196,0,211765
Nan:rgb:0,000000,0,690196,0,211765
Cedric-Payne:rgb:0,470588,0,627451,0,000000
Theon-Greyjoy:rgb:0,000000,0,690196,0,211765
Mordane:rgb:1,000000,0,254902,0,729412
Lewys-Piper:rgb:0,470588,0,627451,0,000000
Rolph-Spicer:rgb:0,000000,0,690196,0,211765
Soren-Shieldbreaker:rgb:0,000000,0,717647,0,964706
Sarella-Sand:rgb:0,713726,0,474510,1,000000
Matthos-Seaworth:rgb:0,650980,0,380392,0,137255
Emmett:rgb:0,000000,0,717647,0,964706
Petyr-Baelish:rgb:1,000000,0,254902,0,729412
Arthor-Karstark:rgb:0,650980,0,380392,0,137255
Brea:rgb:0,474510,0,403922,0,623529
Roger-Ryswell:rgb:0,000000,0,690196,0,211765
Qyburn:rgb:1,000000,0,254902,0,729412
Hosteen-Frey:rgb:0,650980,0,380392,0,137255
Alys-Arryn:rgb:1,000000,0,254902,0,729412
Lothar-Frey:rgb:0,000000,0,690196,0,211765
Stevron-Frey:rgb:0,000000,0,690196,0,211765
Jaehaerys-I-Targaryen:rgb:1,000000,0,254902,0,729412
Cressen:rgb:0,650980,0,380392,0,137255
Jory-Cassel:rgb:1,000000,0,254902,0,729412
Godry-Farring:rgb:0,650980,0,380392,0,137255
Meralyn:rgb:0,474510,0,403922,0,623529
Jared-Frey:rgb:0,650980,0,380392,0,137255
Edmure-Tully:rgb:0,000000,0,690196,0,211765
Monford-Velaryon:rgb:0,650980,0,380392,0,137255
Guyard-Morrigen:rgb:0,650980,0,380392,0,137255
Gared:rgb:0,000000,0,592157,0,941176
Sybell-Spicer:rgb:0,650980,0,380392,0,137255
Bartimus:rgb:0,650980,0,380392,0,137255
Ezzara:rgb:1,000000,0,321569,0,000000
Hobber-Redwyne:rgb:0,709804,0,305882,0,403922
Ulf-son-of-Umar:rgb:1,000000,0,254902,0,729412
Barbrey-Dustin:rgb:0,000000,0,690196,0,211765
Merrett-Frey:rgb:0,000000,0,690196,0,211765
Aerys-I-Targaryen:rgb:1,000000,0,254902,0,729412
Galyeon-of-Cuy:rgb:1,000000,0,254902,0,729412
Tallad:rgb:1,000000,0,254902,0,729412
Florian-the-Fool:rgb:0,000000,0,682353,0,607843
Falyse-Stokeworth:rgb:1,000000,0,254902,0,729412
Gelmarr:rgb:0,000000,0,690196,0,211765
Eldon-Estermont:rgb:0,650980,0,380392,0,137255
Irri:rgb:1,000000,0,321569,0,000000
Eroeh:rgb:1,000000,0,321569,0,000000
Rodrik-Sparr:rgb:0,000000,0,501961,0,513726
Galazza-Galare:rgb:1,000000,0,321569,0,000000
Pia:rgb:0,470588,0,627451,0,000000
Oberyn-Martell:rgb:0,474510,0,403922,0,623529
Brus-Buckler:rgb:0,650980,0,380392,0,137255
Torrhen-Stark:rgb:1,000000,0,254902,0,729412
Dywen:rgb:0,000000,0,717647,0,964706
Myranda-Royce:rgb:1,000000,0,254902,0,729412
Walda-Frey-(daughter-of-Merrett):rgb:0,000000,0,690196,0,211765
Biter:rgb:0,474510,0,403922,0,623529
Pate-(whipping-boy):rgb:1,000000,0,254902,0,729412
Chayle:rgb:0,000000,0,690196,0,211765
Quaithe:rgb:1,000000,0,321569,0,000000
Jafer-Flowers:rgb:0,000000,0,717647,0,964706
Murenmure:rgb:0,000000,0,501961,0,513726
Gyles-Rosby:rgb:1,000000,0,254902,0,729412
Haldon:rgb:1,000000,0,254902,0,729412
Cortnay-Penrose:rgb:0,650980,0,380392,0,137255
Benfred-Tallhart:rgb:0,000000,0,690196,0,211765
Aenys-Frey:rgb:0,650980,0,380392,0,137255
Lysa-Arryn:rgb:1,000000,0,254902,0,729412
Black-Balaq:rgb:1,000000,0,254902,0,729412
Sandor-Clegane:rgb:0,474510,0,403922,0,623529
Denyo-Terys:rgb:0,474510,0,403922,0,623529
Maddy:rgb:1,000000,0,254902,0,729412
Jonothor-Darry:rgb:0,317647,0,494118,0,176471
Barristan-Selmy:rgb:1,000000,0,321569,0,000000
Joanna-Lannister:rgb:1,000000,0,254902,0,729412
Dirk:rgb:0,000000,0,717647,0,964706
Brandon-Stark:rgb:1,000000,0,254902,0,729412
Clayton-Suggs:rgb:0,650980,0,380392,0,137255
Grazdan-mo-Eraz:rgb:1,000000,0,321569,0,000000
Mero:rgb:1,000000,0,321569,0,000000
Qotho:rgb:1,000000,0,321569,0,000000
Rodrik-Cassel:rgb:0,000000,0,690196,0,211765
Hizdahr-zo-Loraq:rgb:1,000000,0,321569,0,000000
Anders-Yronwood:rgb:1,000000,0,321569,0,000000
Rorge:rgb:0,474510,0,403922,0,623529
Lorent-Caswell:rgb:0,650980,0,380392,0,137255
Axell-Florent:rgb:0,650980,0,380392,0,137255
Harma:rgb:0,000000,0,717647,0,964706
Tom-of-Sevenstreams:rgb:0,474510,0,403922,0,623529
Maege-Mormont:rgb:0,000000,0,690196,0,211765
Vargo-Hoat:rgb:0,470588,0,627451,0,000000
Mychel-Redfort:rgb:0,000000,0,690196,0,211765
Aemon-Targaryen-(Maester-Aemon):rgb:0,000000,0,717647,0,964706
Wyman-Manderly:rgb:0,650980,0,380392,0,137255
Hyle-Hunt:rgb:0,470588,0,627451,0,000000
Lem:rgb:0,474510,0,403922,0,623529
Lewyn-Martell:rgb:0,317647,0,494118,0,176471
Jarman-Buckwell:rgb:0,000000,0,717647,0,964706
Luwin:rgb:0,000000,0,690196,0,211765
Arwyn-Oakheart:rgb:0,470588,0,627451,0,000000
Rollam-Westerling:rgb:0,000000,0,690196,0,211765
Willas-Tyrell:rgb:1,000000,0,254902,0,729412
Howland-Reed:rgb:1,000000,0,254902,0,729412
Grigg:rgb:0,000000,0,717647,0,964706
Ralf-Stonehouse:rgb:0,000000,0,501961,0,513726
Shortear:rgb:1,000000,0,254902,0,729412
Victarion-Greyjoy:rgb:0,000000,0,501961,0,513726
Sharna:rgb:0,474510,0,403922,0,623529
Visenya-Targaryen:rgb:1,000000,0,321569,0,000000
Morrec:rgb:1,000000,0,254902,0,729412
Jeor-Mormont:rgb:0,000000,0,717647,0,964706
Anguy:rgb:0,474510,0,403922,0,623529
Urzen:rgb:0,000000,0,690196,0,211765
Colemon:rgb:1,000000,0,254902,0,729412
Daeron-I-Targaryen:rgb:0,650980,0,380392,0,137255
Rattleshirt:rgb:0,000000,0,717647,0,964706
Ashara-Dayne:rgb:0,474510,0,403922,0,623529
Benjen-Stark:rgb:0,000000,0,717647,0,964706
Mace-Tyrell:rgb:1,000000,0,254902,0,729412
Varly:rgb:1,000000,0,254902,0,729412
Janos-Slynt:rgb:0,000000,0,717647,0,964706
Nyessos-Vhassar:rgb:0,800000,0,501961,0,000000
Ilyn-Payne:rgb:0,474510,0,403922,0,623529
Azor-Ahai:rgb:0,650980,0,380392,0,137255
Vylarr:rgb:1,000000,0,254902,0,729412
Will-(prologue):rgb:0,000000,0,592157,0,941176
Quill:rgb:1,000000,0,207843,0,368627
Harra:rgb:0,474510,0,403922,0,623529
Jon-Connington:rgb:1,000000,0,254902,0,729412
Donnel-Waynwood:rgb:0,000000,0,690196,0,211765
Polliver:rgb:0,474510,0,403922,0,623529
Chella:rgb:1,000000,0,254902,0,729412
Eustace-Brune:rgb:0,470588,0,627451,0,000000
Tattered-Prince:rgb:1,000000,0,321569,0,000000
Umma:rgb:0,474510,0,403922,0,623529
Patchface:rgb:0,650980,0,380392,0,137255
Horas-Redwyne:rgb:0,709804,0,305882,0,403922
Aron-Santagar:rgb:0,474510,0,403922,0,623529
Tion-Frey:rgb:1,000000,0,254902,0,729412
Rus:rgb:0,000000,0,501961,0,513726
Symond-Templeton:rgb:1,000000,0,254902,0,729412
Anya-Waynwood:rgb:1,000000,0,254902,0,729412
Rossart:rgb:1,000000,0,254902,0,729412
Weasel:rgb:0,474510,0,403922,0,623529
Ricasso:rgb:0,713726,0,474510,1,000000
Ysilla:rgb:1,000000,0,254902,0,729412
Lysono-Maar:rgb:1,000000,0,321569,0,000000
Denys-Darklyn:rgb:1,000000,0,254902,0,729412
Wun-Weg-Wun-Dar-Wun:rgb:0,000000,0,717647,0,964706
Qarl-the-Maid:rgb:0,000000,0,690196,0,211765
Scar:rgb:1,000000,0,254902,0,729412
Leona-Woolfield:rgb:0,650980,0,380392,0,137255
Vardis-Egen:rgb:1,000000,0,254902,0,729412
Rickard-Stark:rgb:0,000000,0,690196,0,211765
Robin-Ryger:rgb:0,470588,0,627451,0,000000
Torrhen-Karstark:rgb:1,000000,0,254902,0,729412
Joramun:rgb:0,000000,0,717647,0,964706
Varamyr:rgb:0,000000,0,717647,0,964706
Balon-Greyjoy:rgb:0,000000,0,501961,0,513726
Joss:rgb:1,000000,0,254902,0,729412
Harwin:rgb:0,474510,0,403922,0,623529
Daven-Lannister:rgb:0,470588,0,627451,0,000000
Hother-Umber:rgb:0,650980,0,380392,0,137255
Kevan-Lannister:rgb:1,000000,0,254902,0,729412
Elbert-Arryn:rgb:1,000000,0,254902,0,729412
Khorane-Sathmantes:rgb:0,650980,0,380392,0,137255
Justin-Massey:rgb:0,000000,0,690196,0,211765
Marghaz-zo-Loraq:rgb:1,000000,0,321569,0,000000
Rugen:rgb:0,470588,0,627451,0,000000
Dontos-Hollard:rgb:1,000000,0,254902,0,729412
Nute:rgb:0,000000,0,501961,0,513726
Eddard-Stark:rgb:1,000000,0,254902,0,729412
Toregg:rgb:0,000000,0,717647,0,964706
Longwater-Pyke:rgb:0,000000,0,501961,0,513726
Shadd:rgb:0,000000,0,690196,0,211765
Dalla:rgb:0,000000,0,717647,0,964706
Qhorin-Halfhand:rgb:0,000000,0,717647,0,964706
Gerrick-Kingsblood:rgb:0,000000,0,717647,0,964706
Ryman-Frey:rgb:0,000000,0,690196,0,211765
Jojen-Reed:rgb:0,000000,0,690196,0,211765
Ryk:rgb:0,000000,0,717647,0,964706
Symon-Silver-Tongue:rgb:1,000000,0,254902,0,729412
Quhuru-Mo:rgb:0,000000,0,717647,0,964706
Hodor:rgb:0,000000,0,690196,0,211765
Dalbridge:rgb:0,000000,0,717647,0,964706
Cersei-Lannister:rgb:1,000000,0,254902,0,729412
Euron-Greyjoy:rgb:0,000000,0,501961,0,513726
Alerie-Hightower:rgb:1,000000,0,254902,0,729412
Yezzan-zo-Qaggaz:rgb:1,000000,0,254902,0,729412
Blane:rgb:0,000000,0,717647,0,964706
Hop-Robin:rgb:0,000000,0,717647,0,964706
Ragwyle:rgb:0,000000,0,717647,0,964706
Sigorn:rgb:0,000000,0,717647,0,964706
Petyr-Frey:rgb:0,000000,0,690196,0,211765
Camarron:rgb:1,000000,0,321569,0,000000
Jommo:rgb:1,000000,0,321569,0,000000
Lorren:rgb:0,000000,0,690196,0,211765
Captain-Myraham-Daughter:rgb:0,000000,0,690196,0,211765
Aggar:rgb:0,000000,0,690196,0,211765
Daeron-II-Targaryen:rgb:1,000000,0,321569,0,000000
Moon-Boy:rgb:1,000000,0,254902,0,729412
Hairy-Hal:rgb:0,474510,0,403922,0,623529
Bonifer-Hasty:rgb:0,470588,0,627451,0,000000
Helman-Tallhart:rgb:0,650980,0,380392,0,137255
Ben-Bones:rgb:0,000000,0,690196,0,211765
Harras-Harlaw:rgb:0,000000,0,501961,0,513726
Obara-Sand:rgb:0,713726,0,474510,1,000000
Simon-Toyne:rgb:0,317647,0,494118,0,176471
Wynton-Stout:rgb:0,000000,0,717647,0,964706
Weese:rgb:0,474510,0,403922,0,623529
Caleotte:rgb:0,713726,0,474510,1,000000
Jhogo:rgb:1,000000,0,321569,0,000000
Hotho-Harlaw:rgb:0,000000,0,501961,0,513726
Xaro-Xhoan-Daxos:rgb:1,000000,0,321569,0,000000
Jon-Umber-(Greatjon):rgb:0,000000,0,690196,0,211765
Farlen:rgb:0,000000,0,690196,0,211765
Woth:rgb:0,474510,0,403922,0,623529
Stiv:rgb:0,000000,0,690196,0,211765
Leonette-Fossoway:rgb:1,000000,0,254902,0,729412
Leaf:rgb:0,000000,0,690196,0,211765
Mirri-Maz-Duur:rgb:1,000000,0,321569,0,000000
Pyg:rgb:0,470588,0,627451,0,000000
Tickler:rgb:0,474510,0,403922,0,623529
Melisandre:rgb:0,650980,0,380392,0,137255
Belaquo:rgb:1,000000,0,321569,0,000000
Porridge:rgb:0,650980,0,380392,0,137255
Leobald-Tallhart:rgb:0,000000,0,690196,0,211765
Conn:rgb:1,000000,0,254902,0,729412
Wulfe:rgb:0,000000,0,501961,0,513726
Yorko-Terys:rgb:0,474510,0,403922,0,623529
Balman-Byrch:rgb:1,000000,0,254902,0,729412
Kella:rgb:1,000000,0,254902,0,729412
Arstan:rgb:1,000000,0,321569,0,000000
Tyrion-Lannister:rgb:1,000000,0,254902,0,729412
Wendel-Manderly:rgb:0,000000,0,690196,0,211765
Timett:rgb:1,000000,0,254902,0,729412
Gerald-Gower:rgb:0,650980,0,380392,0,137255
Tywin-Lannister:rgb:1,000000,0,254902,0,729412
Roslin-Frey:rgb:0,000000,0,690196,0,211765
Lyonel-Corbray:rgb:1,000000,0,254902,0,729412
Gawen-Westerling:rgb:0,000000,0,690196,0,211765
Gunthor-son-of-Gurn:rgb:1,000000,0,254902,0,729412
Dagmer:rgb:0,000000,0,690196,0,211765
Senelle:rgb:1,000000,0,254902,0,729412
Aegon-I-Targaryen:rgb:1,000000,0,321569,0,000000
Greydon-Goodbrother:rgb:0,000000,0,501961,0,513726
Elinor-Tyrell:rgb:1,000000,0,254902,0,729412
Morgo:rgb:1,000000,0,254902,0,729412
Hallis-Mollen:rgb:0,000000,0,690196,0,211765
Aggo:rgb:1,000000,0,321569,0,000000
Joseth:rgb:0,000000,0,690196,0,211765
Baelor-I-Targaryen:rgb:1,000000,0,254902,0,729412
Meryn-Trant:rgb:0,474510,0,403922,0,623529
Othell-Yarwyck:rgb:0,000000,0,717647,0,964706
Owen-Merryweather:rgb:1,000000,0,254902,0,729412
Big-Boil:rgb:0,000000,0,717647,0,964706
Bedwyck:rgb:0,000000,0,717647,0,964706
Captain-Myraham:rgb:0,000000,0,690196,0,211765
Amabel:rgb:0,474510,0,403922,0,623529
Skahaz-mo-Kandaq:rgb:1,000000,0,321569,0,000000
Kasporio:rgb:1,000000,0,254902,0,729412
Pyat-Pree:rgb:1,000000,0,321569,0,000000
Thoros-of-Myr:rgb:0,474510,0,403922,0,623529
Ralf-(Limper):rgb:0,000000,0,501961,0,513726
Rowan:rgb:0,000000,0,690196,0,211765
Satin:rgb:0,000000,0,717647,0,964706
Moqorro:rgb:0,000000,0,501961,0,513726
Brella:rgb:1,000000,0,254902,0,729412
Martyn-Rivers:rgb:0,000000,0,690196,0,211765
Arya-Stark:rgb:0,474510,0,403922,0,623529
Dick-Crabb:rgb:0,470588,0,627451,0,000000
Spare-Boot:rgb:0,000000,0,717647,0,964706
Gynir:rgb:0,000000,0,690196,0,211765
Grenn:rgb:0,000000,0,717647,0,964706
Benedar-Belmore:rgb:1,000000,0,254902,0,729412
Todder:rgb:0,000000,0,717647,0,964706
Selwyn-Tarth:rgb:0,470588,0,627451,0,000000
Narbert-Grandison:rgb:0,650980,0,380392,0,137255
Aerys-II-Targaryen:rgb:1,000000,0,254902,0,729412
Pono:rgb:1,000000,0,321569,0,000000
Hake:rgb:0,000000,0,717647,0,964706
Tom-Barleycorn:rgb:0,000000,0,717647,0,964706
Torbert:rgb:1,000000,0,254902,0,729412
Samwell-Tarly:rgb:0,000000,0,717647,0,964706
Beric-Dondarrion:rgb:0,474510,0,403922,0,623529
Raymun-Darry:rgb:1,000000,0,254902,0,729412
Kyra:rgb:0,000000,0,690196,0,211765
Rafford:rgb:0,474510,0,403922,0,623529
Olenna-Redwyne:rgb:1,000000,0,254902,0,729412
Gyles-Grafton:rgb:1,000000,0,254902,0,729412
Denzo-Dhan:rgb:1,000000,0,321569,0,000000
Steelskin:rgb:1,000000,0,321569,0,000000
Bronn:rgb:1,000000,0,254902,0,729412
Nestor-Royce:rgb:1,000000,0,254902,0,729412
Terrance-Lynderly:rgb:1,000000,0,254902,0,729412
Oswell-Kettleblack:rgb:1,000000,0,254902,0,729412
Armen:rgb:1,000000,0,207843,0,368627
Edric-Storm:rgb:0,650980,0,380392,0,137255
Jeyne-Heddle:rgb:0,470588,0,627451,0,000000
Jon-Umber-(Smalljon):rgb:0,000000,0,690196,0,211765
Talbert-Serry:rgb:0,000000,0,501961,0,513726
Baelor-Blacktyde:rgb:0,000000,0,501961,0,513726
Ternesio-Terys:rgb:0,474510,0,403922,0,623529
Hero:rgb:1,000000,0,321569,0,000000
Arys-Oakheart:rgb:0,713726,0,474510,1,000000
Cleon:rgb:1,000000,0,321569,0,000000
Missandei:rgb:1,000000,0,321569,0,000000
Waymar-Royce:rgb:0,000000,0,592157,0,941176
Kraznys-mo-Nakloz:rgb:1,000000,0,321569,0,000000
Leathers:rgb:0,000000,0,717647,0,964706
Steffon-Baratheon:rgb:0,650980,0,380392,0,137255
Marq-Piper:rgb:0,000000,0,690196,0,211765
Dancy:rgb:1,000000,0,254902,0,729412
Emmond:rgb:0,000000,0,501961,0,513726
Mathis-Rowan:rgb:1,000000,0,254902,0,729412
Illyrio-Mopatis:rgb:1,000000,0,321569,0,000000
Rosey:rgb:1,000000,0,207843,0,368627
Mariya-Darry:rgb:0,470588,0,627451,0,000000
Dryn:rgb:0,000000,0,717647,0,964706
Arson:rgb:0,000000,0,717647,0,964706
Draqaz:rgb:1,000000,0,321569,0,000000
Aegon-Frey-(son-of-Stevron):rgb:0,000000,0,690196,0,211765
Aemon-Targaryen-(Dragonknight):rgb:0,470588,0,627451,0,000000
Allard-Seaworth:rgb:0,650980,0,380392,0,137255
Raynald-Westerling:rgb:0,000000,0,690196,0,211765
Grey-Worm:rgb:1,000000,0,321569,0,000000
Hali:rgb:0,000000,0,690196,0,211765
Ardrian-Celtigar:rgb:0,650980,0,380392,0,137255
Emmon-Frey:rgb:0,000000,0,690196,0,211765
Brienne-of-Tarth:rgb:0,470588,0,627451,0,000000
Hoster-Tully:rgb:0,000000,0,690196,0,211765
Godric-Borrell:rgb:0,650980,0,380392,0,137255
Selyse-Florent:rgb:0,650980,0,380392,0,137255
Yurkhaz-zo-Yunzak:rgb:1,000000,0,321569,0,000000
Cromm:rgb:0,000000,0,690196,0,211765
Varys:rgb:1,000000,0,254902,0,729412
Meldred-Merlyn:rgb:0,000000,0,501961,0,513726
Chiswyck:rgb:0,474510,0,403922,0,623529
Blue-Bard:rgb:1,000000,0,254902,0,729412
Daenerys-Targaryen:rgb:1,000000,0,321569,0,000000
Viserys-Targaryen:rgb:1,000000,0,321569,0,000000
Moelle:rgb:1,000000,0,254902,0,729412
Owen:rgb:0,000000,0,717647,0,964706
Edwyn-Frey:rgb:0,470588,0,627451,0,000000
Talea:rgb:0,474510,0,403922,0,623529
Donal-Noye:rgb:0,000000,0,717647,0,964706
Mikken:rgb:0,000000,0,690196,0,211765
Elmar-Frey:rgb:0,000000,0,690196,0,211765
Arthur-Dayne:rgb:0,317647,0,494118,0,176471
Urswyck:rgb:0,470588,0,627451,0,000000
Othor:rgb:0,000000,0,717647,0,964706
Torghen-Flint:rgb:0,000000,0,717647,0,964706
Rolfe-the-Dwarf:rgb:0,000000,0,690196,0,211765
Weeper:rgb:0,000000,0,717647,0,964706
Gerold-Hightower:rgb:0,317647,0,494118,0,176471
Jack-Bulwer:rgb:0,474510,0,403922,0,623529
Maegor-I-Targaryen:rgb:1,000000,0,254902,0,729412
Horton-Redfort:rgb:1,000000,0,254902,0,729412
Vayon-Poole:rgb:1,000000,0,254902,0,729412
Yellow-Dick:rgb:0,000000,0,690196,0,211765
Yoren:rgb:0,474510,0,403922,0,623529
Franklyn-Fowler:rgb:0,713726,0,474510,1,000000
Walder-Frey-(son-of-Merrett):rgb:0,000000,0,690196,0,211765
Sigfryd-Harlaw:rgb:0,000000,0,501961,0,513726
Harrold-Hardyng:rgb:1,000000,0,254902,0,729412
Masha-Heddle:rgb:0,000000,0,690196,0,211765
Quellon-Greyjoy:rgb:0,000000,0,501961,0,513726
Malegorn:rgb:0,650980,0,380392,0,137255
Tanda-Stokeworth:rgb:1,000000,0,254902,0,729412
Chett:rgb:0,000000,0,717647,0,964706
Gorold-Goodbrother:rgb:0,000000,0,501961,0,513726
Andrew-Estermont:rgb:0,650980,0,380392,0,137255
Brusco:rgb:0,474510,0,403922,0,623529
Cellador:rgb:0,000000,0,717647,0,964706
Andrey-Dalt:rgb:0,713726,0,474510,1,000000
Rennifer-Longwaters:rgb:0,470588,0,627451,0,000000
Shadrich:rgb:0,470588,0,627451,0,000000
Emmon-Cuy:rgb:0,470588,0,627451,0,000000
Dareon:rgb:0,000000,0,717647,0,964706
Robert-Strong:rgb:1,000000,0,254902,0,729412
Shagga:rgb:1,000000,0,254902,0,729412
Kindly-Man:rgb:0,474510,0,403922,0,623529
Elia-Martell:rgb:0,474510,0,403922,0,623529
Osfryd-Kettleblack:rgb:1,000000,0,254902,0,729412
Clement-Piper:rgb:0,000000,0,690196,0,211765
Smiling-Knight:rgb:0,317647,0,494118,0,176471
Syrio-Forel:rgb:0,474510,0,403922,0,623529
Porther:rgb:1,000000,0,254902,0,729412
Willis-Wode:rgb:1,000000,0,254902,0,729412
Willow-Witch-eye:rgb:0,000000,0,690196,0,211765
Jocelyn-Swyft:rgb:1,000000,0,254902,0,729412
Maggy:rgb:1,000000,0,254902,0,729412
Wyl-(guard):rgb:1,000000,0,254902,0,729412
Ellaria-Sand:rgb:0,474510,0,403922,0,623529
Gretchel:rgb:1,000000,0,254902,0,729412
Arnolf-Karstark:rgb:0,650980,0,380392,0,137255
Gerold-Grafton:rgb:1,000000,0,254902,0,729412
Jaqen-Hghar:rgb:0,474510,0,403922,0,623529
Amerei-Frey:rgb:0,470588,0,627451,0,000000
Robin-Flint:rgb:0,000000,0,690196,0,211765
Bran-Stark:rgb:0,000000,0,690196,0,211765
Harl:rgb:0,000000,0,690196,0,211765
Lanna-(Happy-Port):rgb:0,000000,0,717647,0,964706
Quaro:rgb:1,000000,0,321569,0,000000
Guncer-Sunglass:rgb:0,650980,0,380392,0,137255
Preston-Greenfield:rgb:1,000000,0,254902,0,729412
Pate-(Old):rgb:0,474510,0,403922,0,623529
Hayhead:rgb:0,000000,0,690196,0,211765
Rory:rgb:0,000000,0,717647,0,964706
Puckens:rgb:1,000000,0,254902,0,729412
Rhaenys-Targaryen:rgb:1,000000,0,321569,0,000000
Khrazz:rgb:1,000000,0,321569,0,000000
Bump:rgb:0,000000,0,717647,0,964706
Pate-(novice):rgb:1,000000,0,207843,0,368627
Gerris-Drinkwater:rgb:1,000000,0,321569,0,000000
Ebben:rgb:0,000000,0,717647,0,964706
Willam-Dustin:rgb:1,000000,0,254902,0,729412
Hullen:rgb:0,000000,0,690196,0,211765
High-Septon-(Tyrions):rgb:1,000000,0,254902,0,729412
Bannen:rgb:0,000000,0,717647,0,964706
Narbert:rgb:0,470588,0,627451,0,000000
Tansy:rgb:0,000000,0,690196,0,211765
Mollander:rgb:1,000000,0,207843,0,368627
Morra:rgb:0,713726,0,474510,1,000000
Thoren-Smallwood:rgb:0,000000,0,717647,0,964706
Groleo:rgb:1,000000,0,321569,0,000000
Robert-Arryn:rgb:1,000000,0,254902,0,729412
Kurz:rgb:0,474510,0,403922,0,623529
Dick-Straw:rgb:1,000000,0,321569,0,000000
Ogo:rgb:1,000000,0,321569,0,000000
Pypar:rgb:0,000000,0,717647,0,964706
Jaremy-Rykker:rgb:0,000000,0,717647,0,964706
Grisel:rgb:1,000000,0,254902,0,729412
Styr:rgb:0,000000,0,717647,0,964706
Shae:rgb:1,000000,0,254902,0,729412
Mance-Rayder:rgb:0,000000,0,717647,0,964706
Jack-Be-Lucky:rgb:0,474510,0,403922,0,623529
Lambert-Turnberry:rgb:1,000000,0,254902,0,729412
Illifer:rgb:0,470588,0,627451,0,000000
Torgon-Greyiron:rgb:0,000000,0,690196,0,211765
Caggo:rgb:1,000000,0,321569,0,000000
Lyanna-Stark:rgb:1,000000,0,254902,0,729412
Loras-Tyrell:rgb:1,000000,0,254902,0,729412
Wylla:rgb:1,000000,0,254902,0,729412
Kedry:rgb:1,000000,0,321569,0,000000
Xhondo:rgb:0,000000,0,717647,0,964706
High-Sparrow:rgb:1,000000,0,254902,0,729412
Alebelly:rgb:0,000000,0,690196,0,211765
Franklyn-Flowers:rgb:1,000000,0,254902,0,729412
Waif:rgb:0,474510,0,403922,0,623529
Rickard-Karstark:rgb:0,000000,0,690196,0,211765
Frenya:rgb:0,000000,0,690196,0,211765
Heward:rgb:1,000000,0,254902,0,729412
Raymun-Redbeard:rgb:0,000000,0,717647,0,964706
Desmond:rgb:1,000000,0,254902,0,729412
Manfrey-Martell:rgb:0,713726,0,474510,1,000000
Walder-Frey:rgb:0,000000,0,690196,0,211765
Aegon-Targaryen-(son-of-Rhaegar):rgb:1,000000,0,254902,0,729412
Albett:rgb:0,000000,0,717647,0,964706
Mallador-Locke:rgb:0,000000,0,717647,0,964706
Poxy-Tym:rgb:0,000000,0,690196,0,211765
Softfoot:rgb:0,000000,0,717647,0,964706
Arianne-Martell:rgb:0,713726,0,474510,1,000000
Davos-Seaworth:rgb:0,650980,0,380392,0,137255
Rhaegar-Targaryen:rgb:1,000000,0,254902,0,729412
Aurane-Waters:rgb:1,000000,0,254902,0,729412
Nage:rgb:0,470588,0,627451,0,000000
Osha:rgb:0,000000,0,690196,0,211765
Drogo:rgb:1,000000,0,321569,0,000000
Unella:rgb:1,000000,0,254902,0,729412
Halys-Hornwood:rgb:0,000000,0,690196,0,211765
Stannis-Baratheon:rgb:0,650980,0,380392,0,137255
Errok:rgb:0,000000,0,717647,0,964706
Skinner:rgb:0,000000,0,690196,0,211765
Sansa-Stark:rgb:1,000000,0,254902,0,729412
Red-Oarsman:rgb:0,000000,0,501961,0,513726
Jarl:rgb:0,000000,0,717647,0,964706
Rhaegar-Frey:rgb:0,650980,0,380392,0,137255
Werlag:rgb:0,000000,0,690196,0,211765
Sallor:rgb:1,000000,0,321569,0,000000
Imry-Florent:rgb:0,650980,0,380392,0,137255
Murch:rgb:0,000000,0,690196,0,211765
Lancel-Lannister:rgb:1,000000,0,254902,0,729412
Ronnet-Connington:rgb:0,470588,0,627451,0,000000
Harys-Swyft:rgb:1,000000,0,254902,0,729412
Melara-Hetherspoon:rgb:1,000000,0,254902,0,729412
Tarber:rgb:0,474510,0,403922,0,623529
Oswell-Whent:rgb:0,317647,0,494118,0,176471
Mycah:rgb:0,474510,0,403922,0,623529
Cedra:rgb:0,713726,0,474510,1,000000
Garth-Tyrell:rgb:1,000000,0,254902,0,729412
Nymeria-Sand:rgb:0,713726,0,474510,1,000000
Garth-(Wolfs-Den):rgb:0,650980,0,380392,0,137255
Jeyne-Farman:rgb:1,000000,0,254902,0,729412
Tybero-Istarion:rgb:1,000000,0,254902,0,729412
Jalabhar-Xho:rgb:1,000000,0,254902,0,729412
Reek:rgb:0,000000,0,690196,0,211765
Margaery-Tyrell:rgb:1,000000,0,254902,0,729412
Renly-Baratheon:rgb:0,650980,0,380392,0,137255
Lynesse-Hightower:rgb:1,000000,0,321569,0,000000
Torwold-Browntooth:rgb:0,000000,0,501961,0,513726
Wex-Pyke:rgb:0,000000,0,690196,0,211765
Willow-Heddle:rgb:0,470588,0,627451,0,000000
Clubfoot-Karl:rgb:0,000000,0,717647,0,964706
Jyck:rgb:1,000000,0,254902,0,729412
William-Foxglove:rgb:0,650980,0,380392,0,137255
Elys-Waynwood:rgb:1,000000,0,254902,0,729412
Tregar:rgb:1,000000,0,254902,0,729412
Squirrel:rgb:0,000000,0,690196,0,211765
Beth-Cassel:rgb:0,000000,0,690196,0,211765
Alleras:rgb:1,000000,0,207843,0,368627
Goghor-the-Giant:rgb:1,000000,0,321569,0,000000
Harren-Hoare:rgb:0,474510,0,403922,0,623529
Jason-Mallister:rgb:0,000000,0,690196,0,211765
Tomard:rgb:1,000000,0,254902,0,729412
Perwyn-Frey:rgb:0,000000,0,690196,0,211765
Tobho-Mott:rgb:1,000000,0,254902,0,729412
Brenett:rgb:0,000000,0,690196,0,211765
Dobber:rgb:0,474510,0,403922,0,623529
Rodrik-Harlaw:rgb:0,000000,0,501961,0,513726
Zollo:rgb:0,470588,0,627451,0,000000
Garlan-Tyrell:rgb:1,000000,0,254902,0,729412
Mebble:rgb:0,474510,0,403922,0,623529
Emrick:rgb:0,000000,0,717647,0,964706
Eddison-Tollett:rgb:0,000000,0,717647,0,964706
Lyanna-Mormont:rgb:0,650980,0,380392,0,137255
Roose-Bolton:rgb:0,000000,0,690196,0,211765
Shitmouth:rgb:0,470588,0,627451,0,000000
Shagwell:rgb:0,470588,0,627451,0,000000
Roone:rgb:1,000000,0,207843,0,368627
Mya-Stone:rgb:1,000000,0,254902,0,729412
Allar-Deem:rgb:1,000000,0,254902,0,729412
Grazhar:rgb:1,000000,0,321569,0,000000
Meribald:rgb:0,470588,0,627451,0,000000
Walgrave:rgb:1,000000,0,207843,0,368627
Alla-Tyrell:rgb:1,000000,0,254902,0,729412
Thistle:rgb:0,000000,0,717647,0,964706
Salladhor-Saan:rgb:0,650980,0,380392,0,137255
Bellegere-Otherys:rgb:0,474510,0,403922,0,623529
Zei:rgb:0,000000,0,717647,0,964706
Nurse:rgb:1,000000,0,254902,0,729412
Rolly-Duckfield:rgb:1,000000,0,254902,0,729412
Alester-Florent:rgb:0,650980,0,380392,0,137255
Josmyn-Peckledon:rgb:0,470588,0,627451,0,000000
Genna-Lannister:rgb:0,470588,0,627451,0,000000
Fulk:rgb:0,000000,0,717647,0,964706
Gendry:rgb:0,474510,0,403922,0,623529
Lucas-Codd:rgb:0,000000,0,501961,0,513726
Archibald-Yronwood:rgb:1,000000,0,321569,0,000000
Sylva-Santagar:rgb:0,713726,0,474510,1,000000
Drennan:rgb:0,000000,0,690196,0,211765
Eon-Hunter:rgb:1,000000,0,254902,0,729412
Doreah:rgb:1,000000,0,321569,0,000000
Garth-Greyfeather:rgb:0,474510,0,403922,0,623529
Barsena:rgb:1,000000,0,321569,0,000000
Tyene-Sand:rgb:0,713726,0,474510,1,000000
Lark:rgb:0,000000,0,717647,0,964706
Gilly:rgb:0,000000,0,717647,0,964706
Walton:rgb:0,470588,0,627451,0,000000
Daemon-Sand:rgb:0,713726,0,474510,1,000000
Robett-Glover:rgb:0,650980,0,380392,0,137255
Pycelle:rgb:1,000000,0,254902,0,729412
Rhaego:rgb:1,000000,0,321569,0,000000
Larraq:rgb:1,000000,0,321569,0,000000
Marillion:rgb:1,000000,0,254902,0,729412
Paxter-Redwyne:rgb:1,000000,0,254902,0,729412
Watt:rgb:0,000000,0,717647,0,964706
Osney-Kettleblack:rgb:1,000000,0,254902,0,729412
Willem-Lannister:rgb:1,000000,0,254902,0,729412
Koss:rgb:0,474510,0,403922,0,623529
Qezza:rgb:1,000000,0,321569,0,000000
Alayaya:rgb:1,000000,0,254902,0,729412
Squint:rgb:0,000000,0,690196,0,211765
Ottyn-Wythers:rgb:0,000000,0,717647,0,964706
Munda:rgb:0,000000,0,717647,0,964706
Robb-Stark:rgb:0,000000,0,690196,0,211765
Wylis-Manderly:rgb:0,470588,0,627451,0,000000
Alys-Karstark:rgb:0,000000,0,717647,0,964706
Tycho-Nestoris:rgb:0,000000,0,717647,0,964706
Gerold-Dayne:rgb:0,713726,0,474510,1,000000
Richard-Horpe:rgb:0,000000,0,690196,0,211765
Hugh:rgb:1,000000,0,254902,0,729412
Alysane-Mormont:rgb:0,000000,0,690196,0,211765
Husband:rgb:0,474510,0,403922,0,623529
Cleos-Frey:rgb:0,470588,0,627451,0,000000
Jeyne-Poole:rgb:0,000000,0,690196,0,211765
Quentyn-Martell:rgb:1,000000,0,321569,0,000000
Timoth:rgb:0,713726,0,474510,1,000000
Danwell-Frey:rgb:0,650980,0,380392,0,137255
Mellei:rgb:0,713726,0,474510,1,000000
Orton-Merryweather:rgb:1,000000,0,254902,0,729412
Joffrey-Baratheon:rgb:1,000000,0,254902,0,729412
Val:rgb:0,000000,0,717647,0,964706
Osmund-Kettleblack:rgb:1,000000,0,254902,0,729412
Ballabar:rgb:1,000000,0,254902,0,729412
Marselen:rgb:1,000000,0,321569,0,000000
Doran-Martell:rgb:0,713726,0,474510,1,000000
Bowen-Marsh:rgb:0,000000,0,717647,0,964706
Corliss-Penny:rgb:0,650980,0,380392,0,137255
Dorcas:rgb:1,000000,0,254902,0,729412
Lemore:rgb:1,000000,0,254902,0,729412
Ulmer:rgb:0,000000,0,717647,0,964706
Boros-Blount:rgb:1,000000,0,254902,0,729412
Hugh-Hungerford:rgb:1,000000,0,321569,0,000000
Taena-of-Myr:rgb:1,000000,0,254902,0,729412
Wick-Whittlestick:rgb:0,000000,0,717647,0,964706
Reznak-mo-Reznak:rgb:1,000000,0,321569,0,000000
Mors-Umber:rgb:0,650980,0,380392,0,137255
Galbart-Glover:rgb:0,000000,0,690196,0,211765
Lyn-Corbray:rgb:1,000000,0,254902,0,729412
Humfrey-Hewett:rgb:0,000000,0,501961,0,513726
Theobald:rgb:0,000000,0,717647,0,964706
Haggon:rgb:0,000000,0,717647,0,964706
Dacey-Mormont:rgb:0,000000,0,690196,0,211765
Marwyn:rgb:1,000000,0,207843,0,368627
Tysha:rgb:1,000000,0,254902,0,729412
Dolf:rgb:1,000000,0,254902,0,729412
Shrouded-Lord:rgb:1,000000,0,254902,0,729412
Jonquil:rgb:0,000000,0,682353,0,607843
Orell:rgb:0,000000,0,717647,0,964706
Grimtongue:rgb:0,000000,0,690196,0,211765
Damon-Dance-for-Me:rgb:0,000000,0,690196,0,211765
Mord:rgb:1,000000,0,254902,0,729412
Maekar-I-Targaryen:rgb:0,000000,0,717647,0,964706
Randyll-Tarly:rgb:0,470588,0,627451,0,000000
Butterbumps:rgb:1,000000,0,254902,0,729412
Coldhands:rgb:0,000000,0,690196,0,211765
Stonesnake:rgb:0,000000,0,717647,0,964706
Meera-Reed:rgb:0,000000,0,690196,0,211765
Garrett-Paege:rgb:0,470588,0,627451,0,000000
Daario-Naharis:rgb:1,000000,0,321569,0,000000
Catelyn-Stark:rgb:0,000000,0,690196,0,211765
Brandon-Norrey:rgb:0,000000,0,717647,0,964706
Vyman:rgb:0,000000,0,690196,0,211765
Kerwin:rgb:0,000000,0,501961,0,513726
Benerro:rgb:1,000000,0,254902,0,729412
Steffon-Varner:rgb:0,650980,0,380392,0,137255
Marya-Seaworth:rgb:0,650980,0,380392,0,137255
Hot-Pie:rgb:0,474510,0,403922,0,623529
Luton:rgb:0,000000,0,690196,0,211765
Colen-of-Greenpools:rgb:0,000000,0,690196,0,211765
Podrick-Payne:rgb:0,470588,0,627451,0,000000
Cutjack:rgb:0,474510,0,403922,0,623529
Jaime-Lannister:rgb:0,470588,0,627451,0,000000
Belwas:rgb:1,000000,0,321569,0,000000
Aeron-Greyjoy:rgb:0,000000,0,501961,0,513726
Hobb:rgb:0,000000,0,717647,0,964706
Dunstan-Drumm:rgb:0,000000,0,501961,0,513726
Shireen-Baratheon:rgb:0,650980,0,380392,0,137255
Marlon-Manderly:rgb:0,650980,0,380392,0,137255
Aegon-V-Targaryen:rgb:0,000000,0,717647,0,964706
Prendahl-na-Ghezn:rgb:1,000000,0,321569,0,000000
Martyn-Lannister:rgb:1,000000,0,254902,0,729412
Devan-Seaworth:rgb:0,650980,0,380392,0,137255
Addam-Marbrand:rgb:0,470588,0,627451,0,000000
Tytos-Blackwood:rgb:0,000000,0,690196,0,211765
Clarence-Crabb:rgb:0,470588,0,627451,0,000000
Spotted-Cat:rgb:1,000000,0,321569,0,000000
Ygritte:rgb:0,000000,0,717647,0,964706
Palla:rgb:0,000000,0,690196,0,211765
Mark-Mullendore:rgb:1,000000,0,254902,0,729412
Byam-Flint:rgb:0,000000,0,717647,0,964706
Rakharo:rgb:1,000000,0,321569,0,000000
Moreo-Tumitis:rgb:0,000000,0,690196,0,211765
Fogo:rgb:1,000000,0,321569,0,000000
Olyvar-Frey:rgb:0,000000,0,690196,0,211765
Harwood-Stout:rgb:0,000000,0,690196,0,211765
Hagen:rgb:0,000000,0,690196,0,211765
Tristifer-Botley:rgb:0,000000,0,690196,0,211765
Malaquo-Maegyr:rgb:0,800000,0,501961,0,000000
Lamprey:rgb:0,650980,0,380392,0,137255
Cley-Cerwyn:rgb:0,000000,0,690196,0,211765
Matthar:rgb:0,000000,0,717647,0,964706
Chiggen:rgb:1,000000,0,254902,0,729412
Utherydes-Wayn:rgb:0,000000,0,690196,0,211765
Gorne:rgb:0,000000,0,717647,0,964706
Sybelle-Glover:rgb:0,000000,0,690196,0,211765
Donella-Hornwood:rgb:0,000000,0,690196,0,211765
Praed:rgb:0,474510,0,403922,0,623529
Kojja-Mo:rgb:0,000000,0,717647,0,964706
Kurleket:rgb:1,000000,0,254902,0,729412
Harry-Strickland:rgb:1,000000,0,254902,0,729412
Kegs:rgb:0,000000,0,717647,0,964706
Maron-Greyjoy:rgb:1,000000,0,254902,0,729412
Hareth-(Moles-Town):rgb:0,000000,0,717647,0,964706
Yohn-Royce:rgb:1,000000,0,254902,0,729412
Myrcella-Baratheon:rgb:1,000000,0,254902,0,729412
Alliser-Thorne:rgb:0,000000,0,717647,0,964706
Craster:rgb:0,000000,0,717647,0,964706
Coratt:rgb:1,000000,0,254902,0,729412
Garin-(orphan):rgb:0,713726,0,474510,1,000000
Bryce-Caron:rgb:0,650980,0,380392,0,137255
Creighton-Longbough:rgb:0,470588,0,627451,0,000000
Forley-Prester:rgb:0,000000,0,690196,0,211765
Bloodbeard:rgb:1,000000,0,321569,0,000000
Oznak-zo-Pahl:rgb:1,000000,0,321569,0,000000
Jacelyn-Bywater:rgb:1,000000,0,254902,0,729412
Trystane-Martell:rgb:1,000000,0,254902,0,729412
Dunsen:rgb:0,474510,0,403922,0,623529
Haggo:rgb:1,000000,0,321569,0,000000
Chataya:rgb:1,000000,0,254902,0,729412
Sweets:rgb:1,000000,0,254902,0,729412
